list(n=c(2.50000E+01, 3.50000E+01, 4.50000E+01), y1=c(1.05855E+01, 1.07095E+01, 9.89070E+00, 9.54650E+00, 1.06059E+01, 8.18204E+00, 1.06301E+01, 9.72382E+00, 9.71584E+00, 9.08068E+00, 9.88375E+00, 1.18173E+01, 1.03706E+01, 1.05202E+01, 9.24947E+00, 1.08169E+01, 9.11364E+00, 9.66842E+00, 1.11207E+01, 1.02987E+01, 1.07796E+01, 1.14558E+01, 9.35567E+00, 8.44686E+00, 8.40229E+00), y2=c(3.18051E+01, 2.95184E+01, 3.06204E+01, 3.06121E+01, 2.98377E+01, 3.08119E+01, 3.21968E+01, 3.20492E+01, 3.16324E+01, 3.02543E+01, 3.04912E+01, 2.96759E+01, 2.83379E+01, 3.17677E+01, 3.00258E+01, 3.11285E+01, 2.76196E+01, 2.89397E+01, 3.09371E+01, 3.08545E+01, 3.14607E+01, 2.85869E+01, 3.05674E+01, 3.05832E+01, 2.86932E+01, 2.94596E+01, 3.19477E+01, 3.00536E+01, 3.03517E+01, 2.93290E+01, 3.02780E+01, 3.06912E+01, 3.08238E+01, 3.21451E+01, 2.76531E+01), y3=c(4.01496E+01, 3.86575E+01, 4.05533E+01, 4.15900E+01, 3.94131E+01, 3.81676E+01, 4.08881E+01, 4.15935E+01, 4.05169E+01, 3.87043E+01, 4.00546E+01, 3.92154E+01, 3.89506E+01, 4.23305E+01, 4.14027E+01, 4.09426E+01, 4.08263E+01, 3.91885E+01, 4.04762E+01, 4.10213E+01, 4.06454E+01, 4.10431E+01, 3.96956E+01, 4.24771E+01, 4.09712E+01, 4.18671E+01, 4.06720E+01, 3.96920E+01, 4.05365E+01, 4.08249E+01, 3.90361E+01, 3.91449E+01, 4.18869E+01, 3.96082E+01, 3.90194E+01, 4.06873E+01, 3.94950E+01, 4.21577E+01, 3.94002E+01, 3.93055E+01, 4.02239E+01, 3.88438E+01, 4.04224E+01, 3.86752E+01, 4.01411E+01))
