list(n=3.45000E+02, Age=c(1.90000E+01, 1.90000E+01, 1.90000E+01, 1.80000E+01, 1.80000E+01, 1.80000E+01, 1.80000E+01, 1.80000E+01, 1.80000E+01, 1.70000E+01, 1.70000E+01, 1.70000E+01, 1.70000E+01, 1.70000E+01, 1.70000E+01, 1.70000E+01, 1.70000E+01, 1.60000E+01, 1.60000E+01, 1.60000E+01, 1.60000E+01, 1.60000E+01, 1.60000E+01, 1.60000E+01, 1.60000E+01, 1.60000E+01, 1.60000E+01, 1.60000E+01, 1.60000E+01, 1.60000E+01, 1.50000E+01, 1.50000E+01, 1.50000E+01, 1.50000E+01, 1.50000E+01, 1.50000E+01, 1.50000E+01, 1.50000E+01, 1.50000E+01, 1.50000E+01, 1.50000E+01, 1.50000E+01, 1.50000E+01, 1.50000E+01, 1.50000E+01, 1.50000E+01, 1.50000E+01, 1.50000E+01, 1.50000E+01, 1.40000E+01, 1.40000E+01, 1.40000E+01, 1.40000E+01, 1.40000E+01, 1.40000E+01, 1.40000E+01, 1.40000E+01, 1.40000E+01, 1.40000E+01, 1.40000E+01, 1.40000E+01, 1.40000E+01, 1.40000E+01, 1.40000E+01, 1.40000E+01, 1.40000E+01, 1.40000E+01, 1.40000E+01, 1.40000E+01, 1.40000E+01, 1.40000E+01, 1.40000E+01, 1.40000E+01, 1.40000E+01, 1.30000E+01, 1.30000E+01, 1.30000E+01, 1.30000E+01, 1.30000E+01, 1.30000E+01, 1.30000E+01, 1.30000E+01, 1.30000E+01, 1.30000E+01, 1.30000E+01, 1.30000E+01, 1.30000E+01, 1.30000E+01, 1.30000E+01, 1.30000E+01, 1.30000E+01, 1.30000E+01, 1.30000E+01, 1.30000E+01, 1.30000E+01, 1.30000E+01, 1.30000E+01, 1.30000E+01, 1.30000E+01, 1.30000E+01, 1.30000E+01, 1.30000E+01, 1.30000E+01, 1.30000E+01, 1.30000E+01, 1.30000E+01, 1.30000E+01, 1.30000E+01, 1.30000E+01, 1.30000E+01, 1.30000E+01, 1.30000E+01, 1.30000E+01, 1.30000E+01, 1.30000E+01, 1.30000E+01, 1.30000E+01, 1.20000E+01, 1.20000E+01, 1.20000E+01, 1.20000E+01, 1.20000E+01, 1.20000E+01, 1.20000E+01, 1.20000E+01, 1.20000E+01, 1.20000E+01, 1.20000E+01, 1.20000E+01, 1.20000E+01, 1.20000E+01, 1.20000E+01, 1.20000E+01, 1.20000E+01, 1.20000E+01, 1.20000E+01, 1.20000E+01, 1.20000E+01, 1.20000E+01, 1.20000E+01, 1.20000E+01, 1.20000E+01, 1.20000E+01, 1.20000E+01, 1.20000E+01, 1.20000E+01, 1.20000E+01, 1.20000E+01, 1.20000E+01, 1.20000E+01, 1.20000E+01, 1.20000E+01, 1.20000E+01, 1.20000E+01, 1.20000E+01, 1.20000E+01, 1.20000E+01, 1.20000E+01, 1.20000E+01, 1.20000E+01, 1.20000E+01, 1.20000E+01, 1.20000E+01, 1.20000E+01, 1.20000E+01, 1.20000E+01, 1.20000E+01, 1.20000E+01, 1.20000E+01, 1.20000E+01, 1.20000E+01, 1.20000E+01, 1.20000E+01, 1.20000E+01, 1.10000E+01, 1.10000E+01, 1.10000E+01, 1.10000E+01, 1.10000E+01, 1.10000E+01, 1.10000E+01, 1.10000E+01, 1.10000E+01, 1.10000E+01, 1.10000E+01, 1.10000E+01, 1.10000E+01, 1.10000E+01, 1.10000E+01, 1.10000E+01, 1.10000E+01, 1.10000E+01, 1.10000E+01, 1.10000E+01, 1.10000E+01, 1.10000E+01, 1.10000E+01, 1.10000E+01, 1.10000E+01, 1.10000E+01, 1.10000E+01, 1.10000E+01, 1.10000E+01, 1.10000E+01, 1.10000E+01, 1.10000E+01, 1.10000E+01, 1.10000E+01, 1.10000E+01, 1.10000E+01, 1.10000E+01, 1.10000E+01, 1.10000E+01, 1.10000E+01, 1.10000E+01, 1.10000E+01, 1.10000E+01, 1.10000E+01, 1.10000E+01, 1.10000E+01, 1.10000E+01, 1.10000E+01, 1.10000E+01, 1.10000E+01, 1.10000E+01, 1.10000E+01, 1.10000E+01, 1.10000E+01, 1.10000E+01, 1.10000E+01, 1.10000E+01, 1.10000E+01, 1.10000E+01, 1.10000E+01, 1.10000E+01, 1.10000E+01, 1.10000E+01, 1.10000E+01, 1.10000E+01, 1.10000E+01, 1.10000E+01, 1.10000E+01, 1.10000E+01, 1.10000E+01, 1.10000E+01, 1.10000E+01, 1.10000E+01, 1.10000E+01, 1.10000E+01, 1.10000E+01, 1.10000E+01, 1.10000E+01, 1.10000E+01, 1.10000E+01, 1.10000E+01, 1.10000E+01, 1.10000E+01, 1.10000E+01, 1.10000E+01, 1.10000E+01, 1.10000E+01, 1.10000E+01, 1.10000E+01, 1.10000E+01, 1.00000E+01, 1.00000E+01, 1.00000E+01, 1.00000E+01, 1.00000E+01, 1.00000E+01, 1.00000E+01, 1.00000E+01, 1.00000E+01, 1.00000E+01, 1.00000E+01, 1.00000E+01, 1.00000E+01, 1.00000E+01, 1.00000E+01, 1.00000E+01, 1.00000E+01, 1.00000E+01, 1.00000E+01, 1.00000E+01, 1.00000E+01, 1.00000E+01, 1.00000E+01, 1.00000E+01, 1.00000E+01, 1.00000E+01, 1.00000E+01, 1.00000E+01, 1.00000E+01, 1.00000E+01, 1.00000E+01, 1.00000E+01, 1.00000E+01, 1.00000E+01, 1.00000E+01, 1.00000E+01, 1.00000E+01, 1.00000E+01, 1.00000E+01, 1.00000E+01, 1.00000E+01, 1.00000E+01, 1.00000E+01, 1.00000E+01, 1.00000E+01, 1.00000E+01, 1.00000E+01, 1.00000E+01, 1.00000E+01, 1.00000E+01, 1.00000E+01, 1.00000E+01, 1.00000E+01, 1.00000E+01, 1.00000E+01, 1.00000E+01, 1.00000E+01, 1.00000E+01, 1.00000E+01, 1.00000E+01, 1.00000E+01, 1.00000E+01, 1.00000E+01, 1.00000E+01, 1.00000E+01, 1.00000E+01, 1.00000E+01, 1.00000E+01, 1.00000E+01, 1.00000E+01, 1.00000E+01, 1.00000E+01, 1.00000E+01, 1.00000E+01, 1.00000E+01, 1.00000E+01, 1.00000E+01, 1.00000E+01, 1.00000E+01, 1.00000E+01, 1.00000E+01),